Ravenclaw 0.0020104449605039946 0.08586322948877734 0.7255079829990481 0.0009323821976893569
Slytherin 0.0008317348627433817 0.3460084427203451 0.37837142274720803 0.0027097163082071287
Ravenclaw 0.002182927150613828 0.07270075816582883 0.7130113198016962 0.0007051929009359564
Gryffindor 0.04412845787768504 0.11539026464671225 0.06392365459392892 0.004703337401062854
Gryffindor 0.05744849310995715 0.110867631085769 0.05312490893530964 0.004178193113305642
Slytherin 0.0008558193815526821 0.32561936382074735 0.40770492127611047 0.002085269967718901
Gryffindor 0.07296990888540336 0.2305699534182596 0.02146092134869267 0.0041488884825435605
Hufflepuff 0.007775400680301252 0.17088262722284778 0.0684788634927441 0.008908812537509175
Gryffindor 0.048486628798507035 0.05114407744474281 0.1040967070702224 0.00522402657466101
Hufflepuff 0.0012953824856440446 0.6167683699902308 0.10081623444579114 0.0044165256617522694
Hufflepuff 0.0027409069309887596 0.434576384660946 0.11385724678056992 0.003618646256550722
Hufflepuff 0.0017373287552019034 0.500471177258924 0.11991028182114159 0.004077099875419043
Hufflepuff 0.0022926929795430446 0.49322674433725205 0.10950986055752772 0.0036259023569270316
Slytherin 0.0008513994403499309 0.3308937914856159 0.35794667621488324 0.002453489443556878
Ravenclaw 0.0028437239397214238 0.09324034782884483 0.6572281533322906 0.0007184166122220125
Ravenclaw 0.002770688988314265 0.06172345651683498 0.7538208977414566 0.0005232000068606361
Gryffindor 0.030561138576465818 0.07978051740779529 0.12043686861939594 0.00353565669658321
Gryffindor 0.06199223329358577 0.07412382648029998 0.08633792347141146 0.0033827035200259155
Ravenclaw 0.0018751543102177286 0.10920561478201396 0.6619530691237736 0.0006912935091442247
Hufflepuff 0.001522991094537899 0.45259674653670273 0.13162437463818788 0.005279526248629001
Gryffindor 0.049799575893873224 0.07135871039314434 0.07506978144791547 0.003992263736780365
Gryffindor 0.006803554628433146 0.35004977201020315 0.07775818016525723 0.005259877881312442
Ravenclaw 0.0026737209455313946 0.0784795128817527 0.715147418129828 0.0005642380039945815
Hufflepuff 0.002710610242300222 0.3054093246801127 0.08944062153415305 0.009076407382826758
Ravenclaw 0.0033877769239812213 0.051426391339730225 0.8213721142678307 0.00047682316550875993
Hufflepuff 0.0019066294238060022 0.5300498231573363 0.11539858842969195 0.003527927201269528
Slytherin 0.001374606414797727 0.35507492692314907 0.3500337468539481 0.001843609556856781
Hufflepuff 0.00307772844452201 0.39506264900424914 0.08735521473011684 0.005231191774120759
Gryffindor 0.024763445578443948 0.04607223851562172 0.1872507078199213 0.004177709993059498
Hufflepuff 0.000746639027283414 0.6319202703952254 0.15980305296383365 0.0039563483276461335
Hufflepuff 0.0011076073105063858 0.5536887247405233 0.1022661948451798 0.006633272062123753
Gryffindor 0.04653185516497358 0.051170850352630616 0.1009746291666832 0.005363465614167378
Ravenclaw 0.003039503437548287 0.07315353462995196 0.7639939890079919 0.00040689188124319164
Hufflepuff 0.0010676830498325743 0.591185104043273 0.12339019918268103 0.004566555125918966
Ravenclaw 0.003356109902693809 0.14540893664896537 0.6768957345627893 0.0003009225237769968
Ravenclaw 0.0035217034706482996 0.06012848251079576 0.6381588435867481 0.0011663426828479276
Hufflepuff 0.0020715543890266817 0.4790260136632237 0.1007122613943792 0.004906945186511867
Hufflepuff 0.0016929483603985997 0.3553651595895383 0.16668784967213915 0.005200534886146549
Slytherin 0.0007202420695623154 0.3880145056114171 0.4453931681743117 0.0016477034819675058
Gryffindor 0.0642132402215055 0.05759889950470955 0.10599638341065343 0.0036276556468763416
Gryffindor 0.04539570033254095 0.058578257569516144 0.1263530358250482 0.003507820998680966
Hufflepuff 0.002989149338906213 0.31770435387548024 0.15726674542662716 0.0035449241793838442
Ravenclaw 0.002011920668681142 0.0806067961682744 0.776961300826855 0.0006186455474589187
Hufflepuff 0.0054539503109961125 0.2540374963876122 0.06415411607938336 0.008785022753422595
Hufflepuff 0.001401588995280631 0.4827732619495299 0.11481338350407264 0.0059037460109820795
Ravenclaw 0.00264023986250622 0.06410347631038985 0.8078005391810535 0.0004799744701731614
Ravenclaw 0.002341027963647438 0.09853077458340412 0.7210856744118083 0.0006486558274754425
Hufflepuff 0.0011211223344635393 0.560712609264959 0.11594230539915776 0.005434511662181698
Slytherin 0.0014485202741046374 0.35516090196280886 0.2664055231676158 0.0025962832427418032
Gryffindor 0.04425505435927672 0.07881203632990759 0.08885251607319376 0.004065348941854032
Gryffindor 0.03228947661093392 0.0724633212155355 0.12390748848731963 0.0037860089885088277
Slytherin 0.0008490883710471588 0.398914210622101 0.28226546244727646 0.0029068293747530403
Slytherin 0.0006839332510623879 0.27022471943940923 0.3956556788479518 0.003985888520358175
Ravenclaw 0.013193748173485415 0.010871428257358966 0.6677682794394729 0.0015760786805065472
Gryffindor 0.035449421979337786 0.05533414060181388 0.10876279913064192 0.006134207956970172
Slytherin 0.0017710052560652276 0.3342239165347036 0.3528532331634735 0.0016642833921533377
Hufflepuff 0.0038999347189330427 0.7722041048558319 0.03028074209226803 0.002478000474311585
Slytherin 0.001255705338649588 0.31432486793969067 0.31577585700267946 0.002732869947402893
Hufflepuff 0.0018556865496976516 0.633961360417004 0.0739229676242194 0.0039220828750573585
Gryffindor 0.027546035953729568 0.09837832677736498 0.11687525372697792 0.003127844799681799
Slytherin 0.0011520865990387317 0.3638809775361393 0.323297354586552 0.0021477239451294585
Ravenclaw 0.003191904326072104 0.059981218900833855 0.7523698319958618 0.0005022569445291668
Hufflepuff 0.0008903813735994926 0.5720680404670498 0.14561628643521368 0.004973117901839208
Hufflepuff 0.0008000957652319513 0.3979950976976656 0.17241933532723788 0.008595368532631766
Hufflepuff 0.008198709583392767 0.1931365358595715 0.20126620030281442 0.003454136710172077
Hufflepuff 0.0008476618786625008 0.4905103471023573 0.16825441753159964 0.0060430610817809064
Hufflepuff 0.0013418893775090552 0.41559112288887395 0.13863382707305683 0.006331133361806801
Ravenclaw 0.0016172219587156865 0.08186645856308214 0.7539449115291974 0.0009498522297791583
Gryffindor 0.04992319615626673 0.06240836400910571 0.10346875180773082 0.004031832914694498
Hufflepuff 0.0010797869227933935 0.6831171043136023 0.12392732153273246 0.0031360628972985517
Ravenclaw 0.0027121352904956137 0.07775296137798378 0.6705720004688017 0.0006595066796549431
Slytherin 0.001839950647197164 0.20804541659747003 0.39021828717200985 0.0023989015986350046
Slytherin 0.0008963457868094325 0.32749477995974136 0.2882806079948045 0.004589235715958358
Hufflepuff 0.002167939323625593 0.48061099594932843 0.08154372315095021 0.005858239038632256
Ravenclaw 0.0025331327622543556 0.08863877716436709 0.7210794486254684 0.0005299783093562373
Hufflepuff 0.001667175772128674 0.48089783836532896 0.15607168274895591 0.003405789927098401
Ravenclaw 0.002961675309547562 0.04935427724084373 0.8163466872971188 0.0004993507984444465
Ravenclaw 0.003909710205313236 0.05843769123534598 0.7085700162248645 0.0006847321332938604
Hufflepuff 0.0013469269047181067 0.4477459711808595 0.15832003473516626 0.004696538650049824
Hufflepuff 0.0019267070987470617 0.3960722428038801 0.16110048571139735 0.003995541592263796
Hufflepuff 0.0015192505073383013 0.5121953219612265 0.13883186246488965 0.003715841350224642
Slytherin 0.00030657839372657023 0.2842602441296303 0.6060536180535592 0.002845677264981637
Slytherin 0.0024451825859635417 0.16504514681264634 0.18537266553816176 0.00651461938083544
Gryffindor 0.03154409287462388 0.05089873418572043 0.17253376635966264 0.0034639261180417625
Hufflepuff 0.0009964474436411556 0.5109186750113375 0.11942506552853424 0.007255480221221783
Hufflepuff 0.008636553001020652 0.11341568895748115 0.10009573016492224 0.008777076086142917
Hufflepuff 0.0033608059396500185 0.45298345300791715 0.09610898900357807 0.003375116713122184
Hufflepuff 0.0019229921164894183 0.6336891264282518 0.07278701241946714 0.004106250580093469
Hufflepuff 0.00220944410301452 0.5278342124425746 0.10907796550287974 0.0034093871742502647
Gryffindor 0.04785308993030501 0.02820679460664951 0.1827408147893465 0.004091798402641932
Gryffindor 0.05074743126304566 0.05208192956108336 0.11593605240353036 0.004329913717972646
Gryffindor 0.02960646211796086 0.042036836047125214 0.2198074304985039 0.0028675483760034564
Ravenclaw 0.0026372929269849895 0.08022660666462736 0.7136943898404622 0.0006869975942889712
Hufflepuff 0.0022124234462113273 0.6951835289073568 0.07949627035959272 0.0022264292762510683
Hufflepuff 0.001874025035137674 0.39744999717741264 0.14488580336323093 0.004611578506398617
Hufflepuff 0.001247934218925189 0.6667644343131693 0.06581945267613384 0.0063414643954085555
Gryffindor 0.038913134994309914 0.059895382049197136 0.10423466286104967 0.004886514951870373
Ravenclaw 0.0025333890725033224 0.06626053462706118 0.7644542073928429 0.0006028974618310725
Slytherin 0.0006098981575062361 0.28191743333089553 0.4768861880735256 0.0029362105238107936
Hufflepuff 0.0013711465927655198 0.48589708372116436 0.13560979770537687 0.005000551696502828
Gryffindor 0.036029754885480075 0.09106750746555588 0.08849097062510347 0.003490311752599119
Hufflepuff 0.00160230764366455 0.5414309387895547 0.0957887039621276 0.005099055114995217
Ravenclaw 0.003685952035413379 0.04103532101030733 0.818459834177033 0.0005426312731699273
Hufflepuff 0.001202211419997 0.5210463073393622 0.13682072314183136 0.004913457014694224
Ravenclaw 0.0026313135728281136 0.07986454583525986 0.749068037131608 0.0005768410364996108
Gryffindor 0.03220983021970602 0.10183355440721774 0.12113367273540199 0.0026255438211358166
Slytherin 0.0007728197380309679 0.39167553933159344 0.41637660250804936 0.002026522714114518
Gryffindor 0.04801979329215338 0.03527262439053619 0.2617205166957365 0.002337318339278706
Hufflepuff 